
Error analysis for single_read

Overall error rate:	0.000754722721081

Bases covered by single_read:

12885527

Error rate along length of read:
1	0.0
2	0.0
3	0.000228997644596
4	2.9990403071e-05
5	3.00996297746e-05
6	6.04576645204e-05
7	3.046458492e-05
8	6.1250114844e-05
9	0.000183234081539
10	6.11097531166e-05
11	0.0
12	0.000152844434934
13	9.21828908555e-05
14	0.000122770940118
15	6.1231362704e-05
16	0.0
17	9.16058505603e-05
18	0.000215172752982
19	0.000122846349928
20	6.13252384019e-05
21	9.15890703709e-05
22	0.000123183050012
23	6.12426126099e-05
24	0.000121599027208
25	0.000336741566154
26	9.25468904245e-05
27	3.04525245143e-05
28	9.21404220031e-05
29	9.18217433888e-05
30	6.10649731314e-05
31	9.20471281296e-05
32	0.000243768663538
33	9.17122680444e-05
34	3.04868754001e-05
35	0.000122399020808
36	0.000305492759822
37	9.17880308408e-05
38	0.0
39	0.000122384041121
40	9.20838576997e-05
41	0.000123141335468
42	0.00018442245036
43	0.000305446104035
44	9.13214209613e-05
45	0.0
46	0.00030756927998
47	6.11508591696e-05
48	3.06419488279e-05
49	6.12989242039e-05
50	0.000214191732199
51	6.14628149969e-05
52	6.11321677467e-05
53	0.000153600393217
54	0.000274131156529
55	0.000121795262164
56	0.000123300761382
57	0.00012285012285
58	0.000153775180686
59	0.00018445079775
60	0.000308546744832
61	6.12876536022e-05
62	0.000245135590624
63	0.000308242401825
64	0.000276302459092
65	0.000123080710176
66	9.21574048475e-05
67	0.000216343182099
68	0.00012320961035
69	0.000184507518681
70	0.00018476888492
71	0.000215776332419
72	9.25954504769e-05
73	9.24556213018e-05
74	0.000184865664284
75	0.000185419821379
76	0.000123388241101
77	0.000124262193228
78	0.00015391719255
79	0.000154497419893
80	9.25697358677e-05
81	0.00015503875969
82	0.000401631240732
83	0.000185833307523
84	0.000154966682163
85	0.000155424308362
86	0.000187032418953
87	0.000185747012569
88	9.36125066309e-05
89	0.000155322916343
90	0.000124556268294
91	6.19924369227e-05
92	0.000185919682697
93	0.000218845745013
94	0.000279955207167
95	0.000218224896343
96	0.000280112044818
97	0.000344438877756
98	0.000342220701241
99	9.40969826234e-05
100	0.0001885902876
101	0.00122314567979
102	0.000345022269619
103	0.00025137470542
104	0.000219828533744
105	0.000377417832993
106	0.000125908904907
107	0.000596864888638
108	0.000189777327935
109	0.000219980516011
110	0.000316095587306
111	0.00018852510526
112	0.000377275442513
113	0.000251920896838
114	9.47149081265e-05
115	0.000283983339644
116	0.000125829689515
117	0.000158207821795
118	0.000221141088014
119	0.00022060445621
120	6.33834062243e-05
121	0.00025270872161
122	0.000285532994924
123	0.000284495021337
124	0.00038040893961
125	0.000286141226592
126	0.000254056972276
127	0.000222929936306
128	0.000190150218673
129	6.36800713217e-05
130	0.000158383224049
131	0.000253686380212
132	0.00035138156844
133	0.000255582888726
134	0.00041561430992
135	0.000159372709017
136	0.000222335154364
137	0.000351516313553
138	0.00041561430992
139	0.000350720571356
140	0.000446799004277
141	0.000414078674948
142	0.000288147531536
143	0.000447584641453
144	0.000288396834044
145	0.000481386392811
146	0.000546588643817
147	0.000482905157427
148	0.000549468308607
149	0.000225966815159
150	0.000611168296449
151	0.000451919041932
152	0.000838980316231
153	0.000387747188833
154	0.000355228314926
155	0.000549859300708
156	0.0009721952168
157	0.000550179617463
158	0.00048721863124
159	0.000583619739317
160	0.000648382286196
161	0.00107229894395
162	0.00123208611633
163	0.000519953204212
164	0.000521529384921
165	0.000522551357001
166	0.000619962802232
167	0.000524676176422
168	0.000587256533229
169	0.000684752836833
170	0.000686050310356
171	0.000426803243705
172	0.000590493061707
173	0.000691699604743
174	0.000824647051062
175	0.00104983432302
176	0.000890237066834
177	0.000726240385568
178	0.000990327798501
179	0.000953132189575
180	0.00112508272667
181	0.00106164156327
182	0.000696725390664
183	0.000896325067224
184	0.000991965082829
185	0.000696840987523
186	0.000932307794759
187	0.000794780938504
188	0.000892709538767
189	0.00116690004668
190	0.00123189612119
191	0.00122956267446
192	0.00156577939168
193	0.00153630352014
194	0.000696864111498
195	0.00093808630394
196	0.00080375083724
197	0.00110987791343
198	0.000704485222584
199	0.0012137968239
200	0.0010048568079
201	0.00108097152316
202	0.000948348856901
203	0.00141686064164
204	0.00108027817163
205	0.000878170702874
206	0.00131445904954
207	0.00118579753354
208	0.00116044916209
209	0.00124675674765
210	0.000982884256906
211	0.000888797730147
212	0.00088719033645
213	0.00150201406431
214	0.00157205837121
215	0.00144324937287
216	0.00147690194058
217	0.000967987277881
218	0.00130890052356
219	0.00116886688669
220	0.00134422500259
221	0.00104094378904
222	0.00154538273979
223	0.00125086865879
224	0.00156092823199
225	0.00170091641211
226	0.00209351011863
227	0.00206041557534
228	0.00189447095145
229	0.00220928601487
230	0.00174386160714
231	0.00164906494509
232	0.00161329919686
233	0.00151403119608
234	0.00214411247803
235	0.00123915737299
236	0.00155235675981
237	0.00151975683891
238	0.00169857390566
239	0.00169198773309
240	0.00145220132469
241	0.00113798008535
242	0.00135375846099
243	0.00113563773156
244	0.00135197637599
245	0.00142806140664
246	0.000855340532449
247	0.00127809138353
248	0.000927577595433
249	0.00120867401351
250	0.00114261229736
251	0.000895158980235
252	0.00107592439838
253	0.00121911864893
254	0.000931032013178
255	0.000648018144508
256	0.000937545074282
257	0.00101174345077
258	0.000758917278017
259	0.00126289961752
260	0.000832217679198
261	0.00068564829851
262	0.00061719430729
263	0.000943567410633
264	0.000545613269315
265	0.000943670150987
266	0.000877417467919
267	0.001026957638
268	0.00102271897144
269	0.001026957638
270	0.00102790014684
271	0.000911643510921
272	0.000914846122882
273	0.000988757461457
274	0.000804005408764
275	0.000626381724392
276	0.000771831814172
277	0.000551856075935
278	0.000664206642066
279	0.00107662607663
280	0.000780234070221
281	0.000928712062112
282	0.000930024924668
283	0.000782997762864
284	0.00104162791563
285	0.000925720210324
286	0.000896592946802
287	0.000598623166717
288	0.00100704934542
289	0.00079104983614
290	0.000640711566728
291	0.00125
292	0.000832954717553
293	0.000946933828264
294	0.00102214650767
295	0.000953761635892
296	0.00102307604865
297	0.000838446587141
298	0.0011476225087
299	0.000950606486939
300	0.00106911034746
301	0.000915296899432
302	0.00107506239201
303	0.00134698275862
304	0.000773484936381
305	0.000926855642234
306	0.000891749379653
307	0.00135779958878
308	0.000658557371969
309	0.00112538321239
310	0.00136425648022
311	0.00089801655474
312	0.00128830763225
313	0.00165029469548
314	0.00113962353126
315	0.00106169635484
316	0.00082680420489
317	0.00142135186355
318	0.00197433366239
319	0.00134984913451
320	0.00135188866799
321	0.000993640699523
322	0.00103162321946
323	0.00174964211866
324	0.00107874865156
325	0.00116046418567
326	0.000962541108527
327	0.00120510966498
328	0.00121526371223
329	0.00182592818016
330	0.00125862768981
331	0.00113974030203
332	0.00102312257008
333	0.00114538165753
334	0.00127174269774
335	0.00114754098361
336	0.00148662041625
337	0.00185842900801
338	0.00123716441915
339	0.00173869846001
340	0.0024035473043
341	0.0012465201313
342	0.00189035916824
343	0.00175849941383
344	0.000844451950684
345	0.000928152554529
346	0.00251160018731
347	0.0013633265167
348	0.00106432798331
349	0.00123704304057
350	0.00154017284162
351	0.00132836268586
352	0.0010766116877
353	0.00203006219765
354	0.00130089761936
355	0.00147435063527
356	0.00183310055866
357	0.00161854768154
358	0.00110209839534
359	0.0016821602479
360	0.00164598069309
361	0.00227475468332
362	0.00116299874754
363	0.00157593768292
364	0.00153540462428
365	0.00140119327427
366	0.00140417629207
367	0.00158758958541
368	0.00195126378364
369	0.00181900864029
370	0.00165578143685
371	0.00133296561868
372	0.00179847821074
373	0.00129557653156
374	0.00120896494002
375	0.00126368997473
376	0.0012634534394
377	0.00141689888065
378	0.00151709097805
379	0.0018538765033
380	0.00114128108802
381	0.00110147981419
382	0.000578675796885
383	0.000866509411255
384	0.00077489345215
385	0.000827250608273
386	0.000683693900474
387	0.00122147847755
388	0.00132762944387
389	0.00162465537613
390	0.00208592003973
391	0.00199024778585
392	0.00155536601274
393	0.000911300121507
394	0.000913983954504
395	0.000815245083053
396	0.000411015207563
397	0.000823214653221
398	0.00123444090114
399	0.000878144532259
400	0.000884403287899
401	0.00140845070423
402	0.000995807127883
403	0.00105146942853
404	0.00142819359958
405	0.00105993958344
406	0.000804548380176
407	0.00113256390896
408	0.000813449023861
409	0.000762361141364
410	0.00114235978894
411	0.000769315309375
412	0.000996677740864
413	0.00083504982464
414	0.00111476506326
415	0.00106180842741
416	0.00146009996069
417	0.000962028181767
418	0.00137111517367
419	0.000917220820913
420	0.00103914097679
421	0.00110580840414
422	0.00105066542143
423	0.000825325708896
424	0.00059227671168
425	0.000657973441799
426	0.0014961101137
427	0.00175661760252
428	0.00103488159737
429	0.00128001950506
430	0.00117211597779
431	0.00161450571287
432	0.000623596906959
433	0.00107106854839
434	0.00114126299772
435	0.00121219854536
436	0.00141606591143
437	0.00136089689586
438	0.0010460251046
439	0.00138385502471
440	0.000930418023526
441	0.00140280561122
442	0.000201220739151
443	0.000676956404008
444	0.000949603201519
445	0.000754665203074
446	0.00109716793527
447	0.000765057727083
448	0.000981836033382
449	0.000779368003401
450	0.00107211779001
451	0.0007207726683
452	0.00094524830946
453	0.00161172161172
454	0.00103512014787
455	0.00089345543891
456	0.00097707628711
457	0.000759936165362
458	0.00138610811643
459	0.00155376009944
460	0.000862880451836
461	0.000635071842502
462	0.000722253430704
463	0.00121842254894
464	0.00138888888889
465	0.00166099161199
466	0.00100561468197
467	0.00136077564212
468	0.000516751356472
469	0.00105309346204
470	0.00106354692901
471	0.000720007200072
472	0.00054684651841
473	0.000277752059994
474	0.00046711509716
475	0.000475330354596
476	0.00153979405255
477	0.000885391047713
478	0.0010980235576
479	0.000512190124974
480	0.000936427010717
481	0.000319182891797
482	0.000759548611111
483	0.000674005841384
484	0.00127152930297
485	0.000475398145947
486	0.0
487	0.000248169748108
488	0.00101781170483
489	0.000131821776958
490	0.000273112112522
491	0.00041782729805
492	0.000145011600928
493	0.000150875075438
494	0.000155981906099
495	0.000162048290391
496	0.0
497	0.0
498	0.00036075036075
499	0.000187406296852
500	0.000196347928529
501	0.0
502	0.0
503	0.0
504	0.0
505	0.0
506	0.0
507	0.000253871541
508	0.0
509	0.0
510	0.0
511	0.0
512	0.0
513	0.0
514	0.0
515	0.0
516	0.0
517	0.0
518	0.0
519	0.0
520	0.0
521	0.0
522	0.0
523	0.0
524	0.0
525	0.0
526	0.0
527	0.0
528	0.0
529	0.0
530	0.0
531	0.0
532	0.0
533	0.0
534	0.0
535	0.0
536	0.0
537	0.0
538	0.0
539	0.0
540	0.0
541	0.0
542	0.0
543	0.0
544	0.0
545	0.0
546	0.0
547	0.0
548	0.0
549	0.0
550	0.0
551	0.0
552	0.0
553	0.0
554	0.0
555	0.0
556	0.0
557	0.0
558	0.0
559	0.0
560	0.0
561	0.0
562	0.0
563	0.0
564	0.0
565	0.0
566	0.0
567	0.0
568	0.0
569	0.0
570	0.0
571	0.0
572	0.0
573	0.0
574	0.0
575	0.0
576	0.0
577	0.0
578	0.0
579	0.0
580	0.0
581	0.0
582	0.0
583	0.0
584	0.0
585	0.0
586	0.0
587	0.0
588	0.0
589	0.0
590	0.0
591	0.0
592	0.0
593	0.0
594	0.0
595	0.0
596	0.0
597	0.0
598	0.0
599	0.0
600	0.0
601	nan


Error rate for nucleotides:
A:	0.00088241125993
T:	0.000648560433195
G:	0.000785039417464
C:	0.000712145236693

Sequences with unusually high error rates:
GGC T T -> GGC C T:	0.00085055711491
GAG C G -> GAG T G:	0.000871344143052
TGT C C -> TGT G C:	0.000871459694989
ATA T T -> ATA C T:	0.000882320502923
AAA A G -> AAA C G:	0.000883392226148
CCA C T -> CCA G T:	0.000887803795361
TGG G G -> TGG A G:	0.000893754887722
GCG T C -> GCG C C:	0.000897867564534
AAA T T -> AAA A T:	0.000905562742561
CCC C T -> CCC G T:	0.000906536125465
TGT T T -> TGT G T:	0.000938306357026
AGG T T -> AGG G T:	0.000941841299741
CGT G G -> CGT A G:	0.000949367088608
TGT T A -> TGT A A:	0.00101611264334
CGT G G -> CGT C G:	0.00102848101266
GGG G G -> GGG C G:	0.00103164953392
CCC C T -> CCC T T:	0.00108784335056
TCG G G -> TCG A G:	0.00109359922805
GGG G A -> GGG C A:	0.00120987830048
GGC C G -> GGC G G:	0.0012942590367
AAA A G -> AAA G G:	0.00140303471212
GTG C A -> GTG A A:	0.00140370578327
CAC A A -> CAC G A:	0.0014164305949
ACA C T -> ACA T T:	0.00147368421053
TTG G C -> TTG T C:	0.00158248714229
AAA A C -> AAA C C:	0.00160113858744
GGG T C -> GGG G C:	0.0016257052692
AGG G A -> AGG C A:	0.00173286199487
TCC A A -> TCC G A:	0.00174506226699
ACG T G -> ACG G G:	0.00176385142146
AAA C A -> AAA A A:	0.00178841656349
CCG C T -> CCG T T:	0.0018819425319
TTC T T -> TTC C T:	0.00200252169399
TTT T G -> TTT G G:	0.00203107545445
GGG G C -> GGG C C:	0.00207177705006
ACC C A -> ACC G A:	0.00208276736394
GGG G C -> GGG T C:	0.0021386085678
TAG G G -> TAG T G:	0.00218493270407
GAT C C -> GAT T C:	0.00224406097655
CGG G G -> CGG T G:	0.00226169461606
CAG G G -> CAG T G:	0.00233248515691
GTG G G -> GTG C G:	0.00249445676275
AAG A A -> AAG G A:	0.00253827238836
AAA A C -> AAA T C:	0.00257961216865
GGG G T -> GGG A T:	0.00263002169768
CCA C G -> CCA T G:	0.00266691189994
GTG C G -> GTG T G:	0.00273410799727
TTG T T -> TTG G T:	0.00280735208433
AAA A A -> AAA C A:	0.00286810310831
CAC G C -> CAC C C:	0.00301521632424
ACC C C -> ACC G C:	0.00306873977087
CGA G G -> CGA A G:	0.0030875748503
GGG A G -> GGG G G:	0.00310182063385
AAA T A -> AAA A A:	0.00314677455608
GGT G G -> GGT T G:	0.00344946533287
TTT G G -> TTT T G:	0.00395664889042
GGG G T -> GGG C T:	0.00401078308896
GTG G G -> GTG T G:	0.0040465631929
GAC C C -> GAC T C:	0.00425692933497
GGG C G -> GGG G G:	0.00434995378174
GTG A G -> GTG T G:	0.00442533034156
AGG A A -> AGG G A:	0.00521344918776
AAA G G -> AAA A G:	0.00702019029937
CCC C G -> CCC A G:	0.0074958864038
CCC A C -> CCC C C:	0.01024496337


Probability of an insertion: 0.00281928709629

Probability of a deletion: 0.00258344109636
